18
ok
1
1652550605
2
0
0
0
83
1
0
7
6 7
6 6
6 5
6 4
6 3
6 2
7 2
okela
1
1652550875
0
0
0
0
83
1
0
5
7 17
7 16
7 15
7 14
7 13
oke
2
1652551935
3
0
0
0
68
1
0
13
16 6
15 6
14 6
13 6
12 6
11 6
10 6
9 6
8 6
7 6
6 6
5 6
4 6
okelahehe
2
1652582406
0
0
1
3
68
1.1
0
10
9 8
8 8
7 8
6 8
5 8
4 8
-50 -58
-50 -57
-50 -56
-50 -55
hihi
1
1652582420
0
0
0
0
87
1
0
5
8 13
8 14
8 15
8 16
8 17
sasdfasdf
1
1652615034
0
0
0
0
87
1
0
5
8 10
8 11
8 12
8 13
8 14
asdfasdf
2
1652622128
0
0
0
0
65
1.1
0
10
20 7
21 7
22 7
23 7
23 6
23 5
23 4
22 4
21 4
20 4
asdfasdf
1
1652629055
0
0
0
0
68
1
0
5
22 13
21 13
20 13
19 13
18 13
sdsfa
1
1652629072
0
0
0
3
68
1
0
5
7 22
6 22
5 22
-50 -50
-51 -50
test
1
1652629537
0
0
0
3
68
1
0
5
18 4
17 4
16 4
15 4
-50 -50
khoa
1
1652629545
0
0
0
3
87
1
0
5
27 22
27 23
27 24
-50 -50
-51 -50
khoaHoang
1
1652630922
0
0
0
0
83
1
0
5
19 5
19 4
19 3
19 2
18 2
khoa
1
1652630947
0
0
0
0
83
1
0
5
18 20
18 19
18 18
18 17
18 16
khoa
1
1652630955
0
0
0
3
68
1
0
5
21 19
20 19
19 19
-50 -50
-51 -50
khoa
1
1652631002
0
0
0
0
68
1
0
5
17 6
16 6
15 6
14 6
13 6
test
1
1652631051
0
0
0
0
65
1
0
5
7 15
8 15
9 15
10 15
11 15
a
1
1652631121
0
0
0
0
65
1
0
5
6 3
7 3
8 3
9 3
10 3
aa
1
1652631144
0
0
0
3
87
1
0
5
18 18
18 19
18 20
18 21
-50 -50
